0.528839880441 0.40557620036 0.673408126848 0.854041378561 0.295372856812 0.238170386032
0.456780469693 0.795506006943 0.562644527986 0.588470848578 1.0 0.714707255909
0.416759117303 0.648330338931 0.265011870214 0.0 0.602090449225 0.718634520077
0.882674376353 0.841718551707 0.127012744474 0.321177631071 0.723768675942 0.550890839464
0.117378195819 0.362045804163 0.499581251208 0.901192267719 0.41053833492 0.155664987156
0.439178340385 0.561051177111 0.453389867542 0.0480792643103 0.51200674676 1.0
0.924259076863 0.608913738346 0.39389271846 0.629090269061 0.901059517898 0.629934633294
0.230118507561 0.76528568414 0.104600077216 0.414749307832 0.539438505941 0.562082899149
0.484102459719 0.273368002115 0.425958318784 0.626474741356 0.598942175906 0.615817890597
0.311918186317 0.813149597006 0.147094097022 0.091281669047 0.576289678022 0.687769467103
0.462285120607 0.205980110811 0.484900696814 0.608939675573 0.690466216621 0.629404429455
0.560282083404 0.760957573994 0.681860235151 0.31040647498 0.200663884021 0.51253302081
0.825645664159 0.726633673906 0.444629229401 0.256518856217 0.401924858116 0.865405521514
0.541180111962 0.563476515879 0.100822528893 0.470379742767 0.578324178485 0.674057746169
0.647957675957 0.463418444426 0.669916773244 0.0710202184155 0.712567792687 0.958270652536
0.897738887351 0.862152069354 0.508629471342 0.606774050941 0.570595907799 0.437687923117
0.274524281753 0.0767760465553 0.144107988773 0.21727867552 0.457645731621 0.588612687156
0.498554714601 0.341289463083 0.595730746122 0.75198581832 0.246972458603 0.360570940672
0.556847443045 0.0484906909692 0.468432084384 0.907610229619 0.252748596091 0.0108301374566
0.757731966097 0.451211869219 0.552939849583 0.202034963633 0.581877488712 0.871011932701
0.431161383688 0.575860479075 0.0694149128396 0.193773520951 0.542899092503 0.843717386193
0.520745675602 0.0795532147478 0.367826663942 0.163552919296 0.345984999963 0.501754433734
0.177615907411 0.800544371894 0.0895044503071 0.704813475699 0.601562248576 0.514902935599
0.417391406262 0.773694042429 0.924008712638 0.30207242386 0.126948255597 0.765918175236
0.658687828539 0.736543288211 0.265626432794 0.383790463418 0.341531094199 0.690440450045
0.459346321206 0.258304323288 0.44869144644 0.0583852605813 0.614583559678 0.641049078453
0.903512240479 0.156551766719 0.103051185294 0.388502362093 0.814586231049 0.76226475171
0.388383137603 0.606111592021 0.532828115725 1.0 0.771863003785 0.0746073699194
0.448438269486 0.796346991452 0.324349066552 0.948960371328 0.108447464663 0.372649945725
0.585720387039 1.0 0.245124597361 0.303735088694 0.465551851717 0.795746113732
0.302276996634 0.311681293742 0.550788048187 0.130390030601 0.515956237721 0.671975235642
0.127572816203 0.419247078005 0.0713716634489 0.279312841272 0.752876212116 0.559956390957
0.67935307321 0.225347381208 0.793381147134 0.702330279968 0.565731593348 0.354680835271
0.859731378667 0.719285967118 0.0849397624625 0.114295701685 0.712706176466 0.814475610631
0.173056844148 0.678291148675 0.519104503245 0.0982958406626 0.690950813919 0.699359944642
0.818388832173 0.0 0.209474696045 0.685478968564 0.737540850316 0.296220759561
0.91376201671 0.426687317418 0.254161996754 0.531714534139 0.771686654601 0.709520029577
0.801829646391 0.776375758474 0.819546391775 0.156092904525 0.574519023813 0.919479344691
1.0 0.170147061185 0.437510014387 0.726128923909 0.787776146295 0.1952487662
0.646744921318 0.183528311442 0.587940506458 0.160812837565 0.538626375363 0.659479202111
0.887233477061 0.861134615966 0.633572541066 0.705969441335 0.603186316155 0.533495089526
0.639045194993 0.442869119076 0.892256913794 0.447885636113 0.388168242541 0.414851824688
0.862401400966 0.26934644177 0.0687479112849 0.938628925778 0.651312100356 0.0
0.526183712632 0.227522289874 0.193309896719 0.640121772768 0.545045892165 0.604866157122
0.6419212373 0.600016035744 0.727092873446 0.781961158161 0.414012641294 0.3899365937
0.69349154262 0.461381402072 0.534491457788 0.575452484861 0.265588355611 0.41628485023
0.314322501968 0.618228283799 0.315620890633 0.81069332959 0.57054942498 0.476635953305
0.472449298558 0.357205912637 1.0 0.4347711378 0.711742740804 0.472272252177
0.143505030153 0.731614270169 0.371596720983 0.463006439309 0.430018144511 0.600919544849
0.169755319225 0.613968728352 0.562732619914 0.718433519337 0.350048217758 0.546627751714
0.727408794021 0.325946375195 0.674235358601 0.769856361579 0.597244548843 0.342901442816
0.784822548699 0.819235772967 0.438104738943 0.197912778805 0.684521424659 0.637088566165
0.559092095062 0.196410512679 0.328924575137 0.400217064611 0.269960329661 0.494160237408
0.149023498113 0.687826577587 0.068796604618 0.503590773549 0.44061177487 0.37177428145
0.756708044411 0.338767671961 0.0103924890742 0.451787004111 0.708134744908 0.404071287168
0.139291804912 0.794761582919 0.146141039476 0.107485466186 0.282095902306 0.817225538585
0.169587567565 0.278231817501 0.12178840763 0.313080251832 0.795656931924 0.805290365045
0.478789262875 0.508140032598 0.634350802032 0.806851086826 0.779533370574 0.182791798697
0.328486620906 0.0585483899134 0.0371922730478 0.338935671852 0.524564729902 0.459741613086
0.391816542291 0.462987544617 0.142401502474 0.16084108605 0.913370858994 0.599771079306
0.550068665847 0.298068968731 0.652414502623 0.277921977298 0.437330078197 0.812635950355
0.433366307019 0.153930144167 0.405753221355 0.330858207581 0.671497161499 0.565079114621
0.21844164399 0.095530785034 0.517652720535 0.231051863557 0.952174430443 0.556886080169
0.999424739116 0.145057635958 0.515619669831 0.140451192418 0.646953458963 0.599015913453
0.59365874759 0.11817102873 0.581251207796 0.499258263574 0.357104604829 0.52709280222
0.563292364484 0.349309795283 0.477867631544 0.0851473245062 0.814132678757 0.979551714301
0.483256175058 0.285349503808 0.514782310974 0.929230428132 0.555998875121 0.107825447849
0.341549832129 0.718080123468 0.838600051412 0.783402835221 0.182369761361 0.468579953462
0.738973174113 0.321234915601 0.477075497834 0.228744184514 0.451482559942 0.561983194684
0.716145206137 0.109145948469 0.163095475418 0.826035355608 0.531850651599 0.441396552084
0.634734314321 0.362504358333 0.374699637741 0.807509926127 0.90803106959 0.355529416512
0.808704618683 0.559060225358 0.468105658706 0.176272387539 0.0 0.647005971204
0.0855455583554 0.142937008774 0.311042746226 0.87383886598 0.885243381957 0.428964399106
0.615657243517 0.401106871857 0.370222209459 0.487589780023 0.648635599819 0.47039617714
0.079500058114 0.675603863912 0.435548130863 0.651489394991 0.615281213309 0.500960112364
0.742136528583 0.321619454483 0.54077303649 0.092385710463 0.894188166805 0.985903947754
0.901907665891 0.259175557287 0.656540534287 0.420507319296 0.531535289509 0.59342456996
0.0749015657221 0.325939427814 0.407821092648 0.384989656503 0.70726016136 0.752760301751
0.413489195595 0.397920132585 0.425520911151 0.637685971244 0.693187506173 0.218919522134
0.353941175484 0.704175278581 0.420954419849 0.866533170848 0.566199325198 0.196583694856
0.590824306197 0.789092493104 0.500131028072 0.268979344395 0.734129456658 0.698512066381
0.679180603535 0.162290276278 0.745303208946 0.735648214814 0.858190938062 0.323864053905
0.429692283543 0.284770870784 0.515395208826 0.472340662035 0.989132046 0.485709773431
0.526093883115 0.312161095543 0.577404157023 0.130266950966 0.741270122572 0.854421509212
0.889675237279 0.279132490013 0.414270809013 0.361002846024 0.218452188441 0.493027307493
0.236760424867 0.475816302383 0.588158169819 0.725947723336 0.449933237509 0.426392744341
0.619116035621 0.382190316173 0.477599748848 0.845219432078 0.542721243093 0.277304403853
0.309046562469 0.626704520972 0.159653092602 0.410374083241 0.496358829744 0.689039239709
0.0 0.860959201357 0.534175436669 0.394735191709 0.647896689964 0.774971866648
0.283894485104 0.420685456169 0.0864788047354 0.724254587745 0.255196505692 0.153552102962
0.45459685232 0.533394302683 0.415202502532 0.0275630217409 0.356099961338 0.955814663749
0.347931696916 0.781065402752 0.0 0.694174886631 0.810374636032 0.495489175646
0.873413511138 0.285500318742 0.57778926441 0.359058529687 0.322059390669 0.655718114928
0.766662570231 0.412509659427 0.212253684219 0.117117387778 0.960897472162 0.824718542544
0.395183707539 0.606119809935 0.381621304873 0.555344862405 0.437255066881 0.470405739599
0.693067707566 0.754886644425 0.303453938812 0.680629267709 0.6275468217 0.49058467747
0.781197989496 0.59136135631 0.475479993491 0.334294522599 0.362486448964 0.741457939
0.327814902818 0.127277450116 0.426002711567 0.146702954076 0.409264521791 0.523848244201
0.365195364782 0.576937350141 0.182556161378 0.435778531788 0.263438289328 0.419743970051
0.183893975858 0.145604775992 0.265154204572 0.620364564014 0.363770400719 0.359126531608
